File ADT# Time#1       Time#2       Time#3      Ignore
File1 1   0.054637     0.052621     0.052697     0      
File2 1   81.5421     81.4995     81.4906     0      
File3 1   0.036759     0.033197     0.033492     0      
File4 1   12.7315     12.7508     12.8399     0      
File1 2   0.055606     0.050817     0.050556     1e-06      
File2 2   376.04     376.1     376.201     0      
File3 2   0.054987     0.052599     0.0526     0      
File4 2   46.8865     52.9604     52.9632     0      
File1 3   0.023467     0.023314     0.02288     0      
File2 3   0.021981     0.022059     0.021748     0      
File3 3   0.022148     0.021937     0.02173     1e-06      
File4 3   0.014115     0.014071     0.013857     1e-06      
File1 4   0.040948     0.040948     0.041069     0      
File2 4   0.030076     0.030141     0.030176     0      
File3 4   0.031337     0.030989     0.029946     0      
File4 4   0.018485     0.018378     0.018034     0      
File1 5   0.024825     0.024655     0.024356     1e-06      
File2 5   0.02497     0.024875     0.024651     0      
File3 5   0.024088     0.023955     0.023902     0      
File4 5   0.014961     0.015168     0.014781     0      
File1 6   0.149598     0.1547     0.155116     1e-06      
File2 6   0.115098     0.11486     0.115779     0      
File3 6   0.12973     0.131031     0.130642     0      
File4 6   0.131917     0.13864     0.140322     0      
